91029786001
91240920927
91245365135
91255469723
91477173431
91512824848
91634095009
91730924301
91733842678
91761556956
91809114780
91844200130
91865063334
91873995410
91882760755
91952466658
91952869003
92024380118
92073229693
92133627331
92141850024
92199409882
92316687206
92348667503
92367185277
92417841581
92667327142
92729688605
92808005846
92814113110
92917347691
92992389089
93055559815
93219050105
93234855625
93291493007
93353540635
93383190830
93434260952
93485217178
93500112001
93533315837
93589641422
93681560047
93734555580
93736575783
93754755043
93795590258
93850386278
93856480467
93941699690
93990877090
94056213139
94058221519
94060668745
94080435827
94178406919
94430875385
94440202841
94499169242
94511830369
94554329629
94580716106
94608345661
94613678397
94614266535
94704356598
94716827980
94808384219
94876489441
94907220864
94974712627
95020907838
95027622739
95080178018
95090479109
95126101651
95205888235
95278282481
95286004618
95292167990
95305124751
95321632863
95473985813
95569866917
95599274168
95642716150
95670359726
95739330705
95741337883
95839429414
96104930369
96120565951
96133631320
96217329667
96235362273
96328064780
96416956841
96430055624
96474459159
96482009128
96512334305
96513922800
96566689599
96623894976
96735023368
96769705352
96772250695
96869537637
96875690574
96906672606
96962533860
97022443244
97026905755
97088878889
97116274051
97286730449
97317192977
97339231453
97450983604
97456792256
97552692651
97567183581
97722087875
97745533344
97750937731
97892688476
97979452040
98005324455
98013485439
98014454687
98102715838
98105168234
98115892725
98155394152
98201211293
98295389494
98409282597
98501834120
98549125808
98572722983
98577469570
98754569497
98834897983
98861582356
98899221633
98909098364
98936393231
99019624389
99050407484
99097834423
99104311272
99133495805
99237653715
99309153528
99420569052
99432040366
99445110741
99536278477
99713136846
99824587304
99875630161
99933469438